412 470 img/fase2.bmp
12 22 1 
12 39 1
12 58 2
12 75 2
12 93 3
12 110 3
12 129 4
12 146 4
12 162 5
12 179 5
12 198 6
12 215 6
12 233 7
12 250 7
12 269 1
12 286 2
117 77 1
117 95 1
117 112 2
117 131 2
117 148 3
117 164 3
117 181 4
117 200 5
117 217 6
117 235 7 
211 77 7
211 95 6
211 112 5
211 131 4
211 148 3
211 164 3
211 181 2
211 200 2
211 217 1
211 235 1
321 22 1 
321 39 2
321 58 3
321 75 4
321 93 5
321 110 5
321 129 1
321 146 1
321 162 2
321 179 2
321 198 3
321 215 3 
321 233 6
321 250 7
321 269 5
321 286 1


